# Tor state file last generated on 2014-08-21 11:42:26 local time
# Other times below are in UTC
# You *do not* need to edit this file.

EntryGuard test003r 770CEFC1CC8F5C42280CB8600A8B4B545F91F173 DirCache
EntryGuardDownSince 2014-08-20 16:59:11 2014-08-20 16:59:11
EntryGuardUnlistedSince 2014-08-21 11:32:26
EntryGuardAddedBy 770CEFC1CC8F5C42280CB8600A8B4B545F91F173 0.2.4.23 2014-07-29 17:34:17
EntryGuardPathBias 38.000000 38.000000 38.000000 0.000000 0.000000 0.000000
EntryGuard test001r 52C33DA3D07AD109C29802BE3E4F684FBA4AF1AE DirCache
EntryGuardAddedBy 52C33DA3D07AD109C29802BE3E4F684FBA4AF1AE 0.2.4.23 2014-07-28 22:45:42
EntryGuardPathBias 62.000000 62.000000 62.000000 0.000000 0.000000 0.000000
EntryGuard test000a 69C62DA6F3AA8E94EFA02BC3392AEF83F8351C1D DirCache
EntryGuardUnlistedSince 2014-08-18 19:26:16
EntryGuardAddedBy 69C62DA6F3AA8E94EFA02BC3392AEF83F8351C1D 0.2.4.23 2014-07-29 11:59:48
BWHistoryReadEnds 2014-08-21 11:41:24
BWHistoryReadValues 13312,10240,16384,11264,9216,8192,12288,19456,12288,9216,5120,9216,9216,8192,14336,9216,36864,24576,6144,11264,11264,31744,16384,10240,12288,17408,12288,8192,11264,11264,10240,13312,10240,12288,9216,6144,11264,6144,9216,10240,10240,10240,12288,6144,9216,10240,8192,10240,6144,11264,9216,6144,14336,13312,4096,11264,15360,6144,12288,4096,10240,10240,10240,10240,10240,12288,13312,7168,12288,8192,10240,10240,8192,10240,10240,9216,10240,11264,14336,5120,16384,15360,5120,11264,8192,8192,11264,6144,8192,8192,9216,8192,8192,13312,9216,552960,19456
BWHistoryReadMaxima 0,0,0,0,0,0,0,0,0,0,0,0,0,0,0,0,0,0,0,0,0,0,0,0,0,0,0,0,0,0,0,0,0,0,0,0,0,0,0,0,0,0,0,0,0,0,0,0,0,0,0,0,0,0,0,0,0,0,0,0,0,0,0,0,0,0,0,0,0,0,0,0,0,0,0,0,0,0,0,0,0,0,0,0,0,0,0,0,0,0,0,0,0,0,0,54272,0
BWHistoryWriteEnds 2014-08-21 11:41:24
BWHistoryWriteValues 12288,3072,14336,11264,8192,3072,10240,19456,12288,4096,1024,4096,8192,3072,16384,8192,33792,32768,4096,10240,10240,30720,19456,5120,7168,20480,11264,4096,10240,8192,10240,16384,6144,10240,7168,3072,10240,1024,3072,10240,7168,10240,10240,1024,4096,4096,7168,10240,1024,10240,4096,1024,17408,9216,2048,10240,14336,1024,10240,1024,3072,10240,8192,10240,4096,14336,14336,4096,14336,4096,8192,10240,4096,8192,9216,4096,8192,10240,16384,1024,22528,17408,1024,4096,7168,4096,10240,1024,4096,3072,8192,4096,4096,14336,4096,555008,19456
BWHistoryWriteMaxima 0,0,0,0,0,0,0,0,0,0,0,0,0,0,0,0,0,0,0,0,0,0,0,0,0,0,0,0,0,0,0,0,0,0,0,0,0,0,0,0,0,0,0,0,0,0,0,0,0,0,0,0,0,0,0,0,0,0,0,0,0,0,0,0,0,0,0,0,0,0,0,0,0,0,0,0,0,0,0,0,0,0,0,0,0,0,0,0,0,0,0,0,0,0,0,54272,0
BWHistoryDirReadEnds 2014-08-21 11:41:24
BWHistoryDirReadValues 0,0,0,0,0,0,0,0,0,0,0,0,0,0,0,0,0,0,0,0,0,0,0,0,0,0,0,0,0,0,0,0,0,0,0,0,0,0,0,0,0,0,0,0,0,0,0,0,0,0,0,0,0,0,0,0,0,0,0,0,0,0,0,0,0,0,0,0,0,0,0,0,0,0,0,0,0,0,0,0,0,0,0,0,0,0,0,0,0,0,0,0,0,0,0,0,0
BWHistoryDirReadMaxima 0,0,0,0,0,0,0,0,0,0,0,0,0,0,0,0,0,0,0,0,0,0,0,0,0,0,0,0,0,0,0,0,0,0,0,0,0,0,0,0,0,0,0,0,0,0,0,0,0,0,0,0,0,0,0,0,0,0,0,0,0,0,0,0,0,0,0,0,0,0,0,0,0,0,0,0,0,0,0,0,0,0,0,0,0,0,0,0,0,0,0,0,0,0,0,0,0
BWHistoryDirWriteEnds 2014-08-21 11:41:24
BWHistoryDirWriteValues 1024,0,1024,1024,1024,0,1024,1024,1024,0,0,0,1024,0,2048,1024,1024,2048,0,1024,1024,2048,1024,0,0,2048,1024,0,1024,1024,1024,2048,0,1024,1024,0,1024,0,0,1024,1024,1024,1024,0,0,0,1024,1024,0,1024,0,0,2048,1024,0,1024,1024,0,1024,0,0,1024,1024,1024,0,2048,2048,0,2048,0,1024,1024,0,1024,1024,0,1024,1024,2048,0,3072,2048,0,0,1024,0,1024,0,0,0,1024,0,0,2048,0,1024,1024
BWHistoryDirWriteMaxima 0,0,0,0,0,0,0,0,0,0,0,0,0,0,0,0,0,0,0,0,0,0,0,0,0,0,0,0,0,0,0,0,0,0,0,0,0,0,0,0,0,0,0,0,0,0,0,0,0,0,0,0,0,0,0,0,0,0,0,0,0,0,0,0,0,0,0,0,0,0,0,0,0,0,0,0,0,0,0,0,0,0,0,0,0,0,0,0,0,0,0,0,0,0,0,0,0
TorVersion Tor 0.2.4.23 (git-19f0f189116dba73)
LastRotatedOnionKey 2014-08-18 18:11:24
LastWritten 2014-08-21 11:42:26
TotalBuildTimes 100
CircuitBuildTimeBin 25 87
CircuitBuildTimeBin 75 5
CircuitBuildTimeBin 125 4
CircuitBuildTimeBin 175 3
CircuitBuildTimeBin 225 1
